dataset_2_200417M
-0.813036992
6.805202167
-2.553399243
-1.73724683
0.326747586
2.833395294
-2.933347726
5.543671076
2.248716083
1.625893104
-1.901457771
-2.28808438
1.387365546
1.122497185
2.511633108
-1.20529894
2.016820527
1.695239799
6.512149538
-2.970853214
0.232981351
4.488716377
2.612715782
2.629683407
-1.22525636
0.65062316
-3.195585962
3.096176196
2.028409233
0.889762256
-3.224317121
0.761105625
4.86088891
-2.881035997
0.358185342
2.35587105
1.706475052
-2.439006611
6.776857067
1.110906187
-1.204558678
-0.64324242
3.026958424
2.153131002
-2.888000316
2.850299553
0.427158181
1.161157807
2.556774056
2.000126887
-1.114483138
1.887210368
3.681344688
2.19078759
1.007075299
-1.299801972
2.542873842
-1.645366341
2.723709183
1.112563827
-2.25119087
2.284682569
-1.406386696
-0.435844881
-3.637529053
5.661463173
-0.99369118
5.995457795
0.768544143
0.07345727
2.884590141
2.542694277
-0.872445498
4.956400072
0.870758272
1.078822432
6.309686756
-6.397943862
1.464196561
-2.640197269
3.676541975
5.600151174
-1.343824955
0.67847491
6.107576234
-1.173132347
1.798605985
0.212013894
0.661069865
0.738212114
4.208776897
0.491527656
0.411103752
-0.097694445
5.259636681
2.38813173
-4.37262545
0.584752502
0.59438794
0.012221011
-0.976793128
4.664344765
-3.151261461
2.771453264
0.386958595
-1.026398244
-1.671419614
-0.012511512
2.349894908
2.106544369
-0.083922239
3.576880944
-0.122117564
1.785918902
2.346310791
-2.10457592
2.981483711
3.987415227
-0.729828682
0.663068437
3.658339446
-2.057472611
5.943736699
-0.965016057
3.332159243
-0.018947497
-0.235212955
5.410823418
-3.281718677
0.073614182
-1.595425649
2.555144033
0.129521187
3.26967195
-1.630001442
0.980451404
-1.451903306
4.0771268
-2.266030768
2.24016645
1.884226131
-1.901505858
3.846805735
1.160385434
-6.881754247
1.113322892
0.166726085
3.603381622
5.588740722
-4.106386608
4.422965453
-3.016007765
-1.27443581
2.122134141
-0.114527881
0.304815593
7.49112606
1.552970354
-1.862135226
0.498570751
-1.930103495
-1.058859305
3.375433019
5.576665094
2.758826204
1.864571057
0.72715936
2.881841888
3.44627751
-0.514909249
1.773119401
2.2660889
-0.941395551
5.547160233
0.72914419
0.23363259
0.979457092
0.369881906
3.325348142
-0.5330664
-1.405008894
2.824101707
0.583613874
0.004370708
0.142469869
1.664418496
2.273246181
0.787486101
5.674959313
-2.646571664
-1.854160715
2.572115995
0.592739563
-4.064280142
4.422372739
-0.294938749
2.095449535
1.739178616
-0.183983235
-0.58344539
-2.20980038
2.151523797
5.889821631
-0.276333701
0.400196424
3.559859125
1.514665148
-0.131748069
5.84864413
-3.758233607
2.809390119
-0.566749625
4.570468268
2.097202152
-1.418857462
1.266975532
-0.543705949
2.381395126
0.246038094
2.165066605
-0.004352161
2.648941642
1.301629904
1.538118193
-1.310719694
0.159657076
0.210875811
-1.112827152
-0.985887065
2.930372616
-1.811604744
4.198255065
-2.517661473
1.607802642
-1.429371518
3.005493864
1.949575517
1.146008276
-1.863100132
2.09265126
3.379508892
0.235616616
2.624524281
-6.312784698
6.284076139
-2.187207737
5.408219917
1.350761887
0.484636011
1.632525538
0.620313411
-1.110103503
1.87305018
3.95909714
-1.973021584
4.653625316
2.360245278
4.333213334
-3.568133752
1.196098008
-0.216978879
1.218399393
0.711807306
3.427918557
1.845813569
-4.328222452
3.408828194
1.530612801
0.42641405
-6.788453482
7.283223218
-2.095980646
2.570619234
0.046632431
5.981097218
-2.114829046
1.469618286
1.865372274
0.536131408
-0.778584647
0.993194808
6.630810102
-4.61101778
4.12420569
2.008316642
-1.043692152
-4.007414509
2.542182021
2.764541923
2.111268058
-0.067769832
4.998338191
-0.204549513
3.694264902
2.187427309
0.46278424
0.062241462
0.395030288
6.0078821
-1.972469013
-0.926451461
0.219496345
1.639150905
-2.642457201
2.191670324
0.702060039
1.995336651
2.987930663
2.150179741
1.143159319
2.019299665
2.667349624
0.136450631
2.791807362
2.398981977
0.642759343
5.69201654
-2.680847967
1.829122547
1.771074521
-1.113016841
3.587119795
-1.905524682
4.269565737
-0.278926236
-0.784250289
0.128005044
9.170972642
-4.103595728
1.580939373
-0.756413769
1.369423871
1.419935121
-0.367684779
0.405728059
-2.057921963
6.017273479
0.694090831
6.257516408
-4.453048105
2.534628638
2.550971264
5.508986288
-2.065678969
1.903747552
1.004536586
0.107805249
-3.161660992
2.844539345
0.142742288
-3.888951525
3.261091706
-0.071239629
-1.921994334
0.269663194
0.764408368
1.819743666
-0.778790923
3.48146651
4.168377414
-1.194284354
3.073220072
0.554354332
1.071012751
2.869801542
4.484068471
1.069336069
2.461925907
0.418048169
-0.74687035
2.982536161
-0.579837308
0.085925635
0.046595651
3.325687309
-1.214718758
0.458576649
-5.013854836
2.968899117
-1.089166412
-0.220820186
3.097727539
-2.128964663
1.093817305
5.851615351
1.244726004
-1.970438226
2.156674334
2.00923448
0.269396144
-0.163883888
2.404353457
0.152310613
0.002239548
5.435707978
3.013815586
-3.276825953
2.304499282
0.426514379
1.323936165
3.923534898
7.859409231
-1.452038179
3.523277366
3.517156844
3.488509995
0.382840477
-3.77433153
3.511822011
-1.612566082
4.19806901
-0.064099069
-0.157533701
-3.688763946
0.734521445
-1.401844271
1.115920937
2.227504444
-0.99163212
3.965597211
0.155605809
2.56427421
-1.905003755
1.649197839
1.212996437
3.204671371
-0.436469303
0.498103191
1.295685364
-0.675426099
6.926673873
-1.919569014
1.992937696
3.244504226
1.688762288
1.581012985
-0.665990984
0.208804357
-0.074433926
5.744514335
1.83521363
-2.184754116
3.187693687
2.602278833
-3.977990452
-0.371751734
4.595967503
1.934632806
-0.759779414
2.233475601
0.471441207
0.372753332
-2.008202095
2.457166386
-2.271681991
-1.252306411
5.858636229
-0.367000574
-2.511435918
-1.32224783
2.06022371
0.096314571
3.004515502
0.690644417
4.391582928
0.555605496
1.82124798
2.0711211
0.779950487
1.389146802
0.735865573
1.541106279
3.11731099
2.068764878
-1.152419508
-0.457616968
0.939472793
0.904068005
-0.998627777
2.440157745
-1.394637395
-1.701383214
4.448846579
1.707427166
-0.502584436
2.631647675
-0.634846385
-2.668198144
-2.899141568
-1.550830523
-1.230556705
-2.74980737
-0.933831773
-0.041286299
-3.821153057