dataset_1_200417M
5.668524081
9.099874943
8.194646258
9.847721957
12.39973091
11.20187987
14.23964558
13.35638617
11.74070896
10.60490465
10.66728964
11.24313235
14.47651779
13.38646081
17.10099202
14.05084967
11.31004168
9.069118968
13.22436138
9.371230913
12.94294999
14.39926402
14.93796012
11.76251904
9.805125092
9.436048305
13.01867489
13.39617199
10.03214082
9.61614283
13.54224551
16.68492109
15.11366026
13.88752884
17.23179634
16.79350336
16.48741485
12.99434588
13.72906517
9.237676381
8.870240374
10.5838187
13.63453676
11.57055531
10.17648514
14.11802647
13.52591374
12.44826332
14.13111974
13.25137353
10.61633884
13.30449002
13.92477451
12.25347726
11.78664283
12.21696012
12.85548877
11.604173
12.62257687
11.85624527
13.32600895
14.49409475
13.87385501
13.2888582
14.01152401
15.57831284
16.42416617
16.05204838
13.22187962
13.08352562
11.07448074
12.03281833
13.5487639
11.15034377
11.91662509
9.803546463
9.223952573
6.40920601
12.61307048
12.36588128
16.09709486
16.48243863
13.56517078
15.30435297
17.47209877
13.35788225
16.87215959
15.02799496
13.68298977
16.16508005
12.26508546
10.73882791
9.700066202
13.01967116
16.95601974
16.40472638
16.70984145
18.64288763
18.7412551
17.06009957
14.66553642
15.36585195
12.22480593
14.36631943
13.29179444
14.27863632
15.24329628
18.83949255
20.598657
15.74665349
14.15900452
12.85718181
10.89456326
10.05008164
12.34695728
10.74240645
11.79992102
12.61330902
11.57007339
11.57955963
12.39430123
11.7266356
13.12328399
11.93147529
13.35788347
11.95059349
13.87536001
13.96194413
11.30003822
13.2309003
15.76342533
13.99312069
13.34505125
15.1146034
12.8700064
16.31242232
15.42897349
15.89335524
15.70041271
13.69989297
15.83670213
12.90779396
12.72547302
8.993250837
10.5797757
12.00448488
13.39911618
13.67997045
12.94746237
11.17176346
14.48969983
10.81183704
13.53661546
13.10475109
10.43143959
10.72571124
12.54898011
5.556492062
6.238725238
7.152693074
10.89698975
15.81452097
13.50450007
13.50017904
11.4715777
8.422788905
8.16554817
8.347339275
9.599506823
12.14772195
13.98607921
10.83265887
11.54252072
11.49499759
7.872777776
11.00516054
15.5346577
15.88935569
15.82371886
14.3354221
15.66831773
18.82978802
17.45641073
14.6422031
15.52488483
12.87075317
14.17804875
15.87362814
17.09772848
16.34681725
15.12850492
16.13699667
15.48725559
14.67995364
15.40094748
13.65024863
13.3964985
10.872069
12.71203281
15.6162915
16.51103174
20.54446849
15.99120766
12.56511504
13.3036642
12.96884909
8.717392228
11.1815483
11.12991212
11.07075654
13.56846555
14.4780598
13.3222472
12.86351946
11.40443772
15.22552585
15.36930924
13.98476998
13.20918634
15.19005567
13.34600192
17.3702207
13.99492848
15.06672036
12.61160603
15.622943
15.94828638
15.50225512
14.92431271
12.23174276
13.00924399
13.94167138
13.91573142
15.7565904
14.99826077
16.09384822
14.7099037
14.04392899
12.95106471
12.0243886
9.994454327
6.806120122
10.23259245
9.399465027
13.20942349
11.96041634
12.13489923
11.12301696
12.69755066
14.15551992
13.94591761
10.38435589
9.871810384
10.59727721
12.43827149
13.12072343
8.09743599
11.87801229
10.04195391
13.86046027
15.88961894
15.89884954
15.69021014
12.46133787
9.544980791
10.60769888
15.1348162
12.8629655
12.56387922
16.56381875
18.06078
15.11969268
15.00598159
13.43961476
13.49670261
11.41200654
12.20578
14.09977141
11.48792751
11.69838132
12.74213326
15.1547606
8.373584003
12.64723487
11.4098358
12.33769656
12.13734451
15.95698909
13.73883219
14.5365808
13.37719528
12.89776434
11.5094412
12.92824836
14.34060422
12.0360358
13.26498799
15.10740574
12.66256644
9.61195829
9.552982213
13.11260054
14.4089586
13.27713132
16.08958989
15.82709525
18.53440678
17.56896963
16.82229986
15.92295028
12.83923731
15.45912638
12.51795907
11.87020605
11.51485009
11.67210484
10.49460188
11.8292178
14.42335865
15.50029204
17.55098335
18.2811715
15.94481578
17.97125798
16.99809005
14.97523884
15.53928278
16.45038981
14.53013663
19.12689659
16.52144995
16.45022789
18.01296294
16.00335902
16.56081945
15.17916498
17.41328577
15.10256777
13.30270449
12.84790567
20.05544406
18.72709328
16.14469878
13.97460811
15.195816
14.59625804
13.89350693
12.47158678
11.25715712
15.16063882
14.8183341
19.63005375
18.71983565
17.76630362
17.37902812
20.26073843
17.57337588
16.5365159
15.37189603
12.97383382
7.592499407
11.92393156
11.84780215
10.77081181
12.91869422
12.78663039
10.52132405
12.4816712
11.70020748
13.08423097
11.56823431
12.97335404
13.29318783
14.0718137
15.19015342
13.65088283
14.48904819
15.79155641
17.44719918
18.22221491
17.78003986
16.87294388
12.81584226
14.84144379
13.33283234
12.50835524
12.26985015
13.84537086
12.74705754
12.97679405
8.363138998
11.21585992
10.61781086
10.00674681
10.68134612
10.24653849
9.82410318
15.05926721
16.02117494
13.59389844
13.18349958
14.36237997
10.49937113
10.93531024
11.79959853
10.77831431
10.15112773
14.34856857
16.45901572
15.0079673
15.62891697
13.3061828
13.22461425
16.977767
21.29197996
18.55024146
19.35366262
19.62905541
20.0985201
20.46868001
15.03536272
14.99835584
12.89562897
14.372488
13.74023305
14.83538281
12.89399973
10.93106308
10.37050979
11.99020274
15.1382774
14.69384531
14.62900884
14.58183916
14.69661205
12.76299708
12.56222201
13.79179162
14.93615126
12.3398154
11.00479652
12.22250833
12.72581933
18.3732876
15.90298969
15.88022467
17.8059583
16.8310769
16.46329462
14.7243656
13.82271154
10.73357007
14.69126295
16.84501462
13.34439976
18.27516066
18.14008189
12.8031891
11.93030543
15.34486197
17.08694103
14.26061128
14.4811211
11.89238701
13.70934217
12.05404976
11.23966408
12.10656238
10.20035345
12.48994135
12.06400022
10.9420423
9.803353751
9.784875906
10.42541154
11.64922236
13.42820459
15.87820688
14.96931214
15.58240311
14.68006564
15.28922965
14.58830366
12.98619414
